[common]
tree_num=1
xMin=41594
xMax=41914
yMin=33944
yMax=34104
zMin=15293
zMax=15327
x_Extract=160
y_Extract=80
z_Extract=17
Tree_Binary_Value=20.000000
Axon_Binary_Value=20.000000
Tree_Diffuse_Value=4096.000000
Tree_Trace_Value=1.000000
Axon_Diffuse_Value=50.000000
Axon_Trace_Value=1.000000
Max_Bound_Num=10
Opacity_Low=0
Opacity_High=300
XScale=1
YScale=1
Opacity_Adjust_Low=0
Opacity_Adjust_High=0
Opacity_Dest_Low=0
Opacity_Dest_High=0
Running_Minutes=0
[tree1]
path=C:/Users/dh/Desktop/202306/202306-2023-12-06_14_14_000.swc
curInit=41629.000000 34066.000000 15309.000000
preBeg=2147483647
preEnd=0
preLineID=0
arrow_num=0
