[common]
tree_num=1
xMin=41598
xMax=41723
yMin=33250
yMax=33410
zMin=16081
zMax=16115
x_Extract=80
y_Extract=160
z_Extract=17
Tree_Binary_Value=20.000000
Axon_Binary_Value=20.000000
Tree_Diffuse_Value=4096.000000
Tree_Trace_Value=1.000000
Axon_Diffuse_Value=50.000000
Axon_Trace_Value=1.000000
Max_Bound_Num=10
Opacity_Low=0
Opacity_High=2000
XScale=1
YScale=1
Opacity_Adjust_Low=0
Opacity_Adjust_High=0
Opacity_Dest_Low=0
Opacity_Dest_High=0
Running_Minutes=0
[tree1]
path=H:/202306/202306af_000.swc
curInit=41671.000000 33370.000000 16116.000000
preBeg=2147483647
preEnd=0
preLineID=0
arrow_num=5
arrow_001=44464.00000 77642.00000 16580.00000 0.10098 -0.94765 0.30294
arrow_002=41615.00000 33359.00000 16096.00000 -0.78000 -0.62457 -0.03886
arrow_003=41661.00000 33382.00000 16088.00000 0.67263 -0.46623 -0.57463
arrow_004=41625.00000 33409.00000 16104.00000 -0.84130 0.54055 0.00462
arrow_005=41655.00000 33421.00000 16096.00000 0.14032 0.98858 -0.05497
