[common]
tree_num=1
xMin=40107
xMax=40618
yMin=33756
yMax=34213
zMin=15338
zMax=15437
x_Extract=80
y_Extract=160
z_Extract=17
Tree_Binary_Value=20.000000
Axon_Binary_Value=20.000000
Tree_Diffuse_Value=4096.000000
Tree_Trace_Value=1.000000
Axon_Diffuse_Value=50.000000
Axon_Trace_Value=1.000000
Max_Bound_Num=10
Opacity_Low=0
Opacity_High=150
XScale=1
YScale=1
Opacity_Adjust_Low=0
Opacity_Adjust_High=0
Opacity_Dest_Low=0
Opacity_Dest_High=0
Running_Minutes=0
[tree1]
path=C:/Users/dh/Desktop/202306/202306-2023-12-06_17_37_000.swc
curInit=39623.000000 34662.000000 15248.000000
preBeg=2147483647
preEnd=0
preLineID=0
arrow_num=10
arrow_001=30998.06706 67942.08258 16140.66667 0.84170 0.33589 0.42275
arrow_002=30192.00000 63529.00000 15249.00000 -0.81519 -0.57063 -0.09923
arrow_003=30210.00000 63605.00000 15243.00000 -0.87301 0.48396 -0.06025
arrow_004=30460.46473 66428.34851 15698.33651 0.64159 0.75111 0.15557
arrow_005=29681.91375 64937.38978 15619.64764 0.79460 0.58972 0.14433
arrow_006=29545.00000 64899.00000 15596.00000 0.47247 0.88130 -0.00920
arrow_007=29525.45069 64884.37107 15613.00188 0.33668 0.92942 0.15105
arrow_008=29687.00000 64455.00000 15568.00000 0.99695 0.06161 -0.04783
arrow_009=29566.51038 65137.45400 15896.30425 -0.96231 -0.23442 0.13790
arrow_010=30341.68918 65974.69635 15756.19038 -0.57310 0.80943 0.12799
